PlaceCuve:	69.30061:3.660364E-16:-41.13926	0.7942362:0.728756:0.9864569
PlaceCuve:	98.70226:3.975981E-16:-46.82491	0.5893681:0.8047348:0.9214231
PlaceCuve:	76.57183:2.646154E-16:-22.86887	0.9989777:0.5283802:0.67005
