PlaceCuve:	-8.642654:-1.578168E-16:53.22975	0.6446347:0.92847:0.8005149
PlaceCuve:	21.85351:1.370392:-14.81281	0.5524751:0.7311856:0.9835515
